
pa=52.40823,4.60431 ra=BRICK_ROAD/30 pi=52.4081,4.60456 ri=BRICK_ROAD/30 pb=52.40819,4.60690 rb=SIMULATION_OFF
pa=52.4021,4.6048 ra=SIMULATION_OFF pi=52.4046,4.6035 ri=BRICK_ROAD/30 pb=52.40819,4.60690 rb=SIMULATION_OFF
pa=52.4106,4.60830 ra=SIMULATION_OFF pi=52.4097,4.6063 ri=BRICK_ROAD/30 pb=52.40825,4.60432 rb=BRICK_ROAD/40
